104,9
104,8
104,7
104,6
4294967294,510
104,5
104,4
104,3
104,2
104,1
103,7
103,6
103,5
103,4
103,3
103,2
103,1
102,10
102,9
102,8
102,7
4294967278,400
102,6
102,5
102,4
102,3
102,2
102,1
4294967294,1399
4294967294,1477
101,8
101,7
101,6
4294967294,1476
4294967294,1475
101,5
101,4
101,3
101,2
101,1
4294967294,509
4294967278,399
100,5
4294967294,1474
100,4
100,3
100,2
100,1
99,13
99,12
99,11
99,10
99,9
99,8
99,7
99,6
99,5
99,4
99,3
99,2
99,1
4294967294,1472
98,9
4294967278,398
4294967278,397
98,8
98,7
98,6
98,5
98,4
98,3
98,2
98,1
4294967294,1473
97,6
97,5
97,4
97,3
97,2
97,1
4294967294,1390
96,5
96,4
96,3
96,2
96,1
95,5
95,4
95,3
95,2
95,1
4294967294,1407
4294967279,471
94,8
4294967294,508
4294967279,470
94,7
4294967279,469
94,6
4294967278,396
94,5
4294967294,1406
4294967294,1405
94,4
94,3
94,2
94,1
4294967294,1404
4294967294,1085
4294967294,1403
93,13
4294967279,468
93,12
93,11
93,10
93,9
4294967279,467
93,8
93,7
93,6
93,5
93,4
93,3
93,2
93,1
92,8
92,7
4294967294,1053
92,6
4294967279,466
92,5
92,4
92,3
92,2
92,1
4294967279,465
4294967294,1385
91,9
91,8
91,7
91,6
4294967294,1402
4294967294,507
91,5
91,4
91,3
91,2
91,1
90,6
90,5
90,4
90,3
90,2
90,1
89,9
4294967278,395
89,8
89,7
89,6
89,5
89,4
89,3
89,2
89,1
4294967294,1401
88,13
4294967279,464
88,12
88,11
88,10
4294967279,463
88,9
4294967294,1400
4294967294,506
88,8
4294967278,394
88,7
88,6
88,5
88,4
88,3
88,2
88,1
4294967294,1398
87,7
87,6
87,5
87,4
87,3
87,2
87,1
4294967278,393
4294967294,1397
4294967278,392
86,10
86,9
4294967294,1381
86,8
86,7
86,6
86,5
86,4
86,3
86,2
86,1
85,10
85,9
85,8
85,7
4294967294,1396
85,6
85,5
85,4
85,3
85,2
85,1
4294967294,1395
4294967294,1394
84,5
84,4
84,3
84,2
84,1
4294967294,1380
4294967279,462
4294967278,391
83,12
83,11
83,10
83,9
83,8
83,7
83,6
83,5
83,4
83,3
83,2
83,1
82,9
82,8
4294967278,390
82,7
4294967279,461
82,6
4294967294,505
82,5
82,4
82,3
82,2
82,1
4294967294,1084
81,6
81,5
81,4
81,3
81,2
81,1
80,6
80,5
80,4
80,3
80,2
80,1
4294967294,1393
4294967294,504
4294967279,460
79,8
4294967294,1392
79,7
4294967294,1391
79,6
79,5
79,4
79,3
79,2
79,1
4294967294,1373
78,12
78,11
78,10
78,9
4294967278,389
4294967279,459
78,8
4294967278,388
78,7
4294967279,458
78,6
78,5
78,4
78,3
78,2
78,1
77,10
77,9
77,8
77,7
4294967294,1389
4294967278,387
77,6
77,5
77,4
77,3
77,2
77,1
76,7
76,6
76,5
76,4
76,3
76,2
76,1
75,5
75,4
75,3
75,2
75,1
74,8
74,7
74,6
74,5
74,4
74,3
74,2
74,1
73,5
73,4
73,3
73,2
73,1
72,5
72,4
72,3
72,2
72,1
71,5
71,4
71,3
71,2
71,1
4294967294,503
4294967294,207
4294967294,1388
4294967278,386
70,15
70,14
4294967278,385
70,13
4294967278,384
4294967279,457
4294967279,456
70,12
4294967279,455
70,11
4294967279,454
70,10
4294967279,453
70,9
70,8
70,7
70,6
70,5
4294967294,1387
70,4
70,3
70,2
70,1
69,5
69,4
69,3
69,2
69,1
4294967279,452
68,7
68,6
68,5
68,4
68,3
68,2
68,1
67,13
67,12
67,11
67,10
67,9
67,8
67,7
67,6
4294967279,451
67,5
67,4
67,3
67,2
67,1
4294967279,450
66,6
66,5
66,4
66,3
66,2
66,1
65,6
65,5
65,4
65,3
65,2
65,1
64,5
64,4
64,3
64,2
64,1
4294967294,502
63,10
4294967279,449
4294967294,1386
63,9
63,8
4294967294,1377
4294967279,448
63,7
4294967294,1384
4294967294,501
63,6
63,5
63,4
63,3
63,2
63,1
62,7
62,6
62,5
62,4
62,3
62,2
62,1
4294967294,1383
61,7
61,6
61,5
61,4
61,3
61,2
61,1
60,4
60,3
60,2
60,1
59,5
59,4
59,3
59,2
59,1
4294967294,413
58,6
58,5
58,4
58,3
58,2
58,1
57,8
57,7
57,6
4294967294,1382
4294967294,500
57,5
57,4
57,3
57,2
57,1
56,6
56,5
56,4
56,3
56,2
56,1
55,11
4294967294,1376
55,10
55,9
4294967279,447
55,8
55,7
55,6
55,5
55,4
55,3
55,2
55,1
54,5
54,4
54,3
54,2
54,1
53,8
53,7
53,6
53,5
53,4
53,3
53,2
53,1
52,5
52,4
52,3
52,2
52,1
51,10
51,9
4294967279,446
51,8
51,7
51,6
51,5
51,4
51,3
51,2
51,1
50,6
4294967279,445
50,5
50,4
50,3
50,2
50,1
49,6
49,5
49,4
49,3
49,2
49,1
4294967279,444
48,6
48,5
48,4
48,3
48,2
48,1
4294967279,443
47,5
47,4
47,3
47,2
47,1
4294967279,442
46,8
4294967278,383
4294967278,382
46,7
4294967279,441
46,6
46,5
46,4
46,3
46,2
46,1
4294967294,499
45,7
45,6
45,5
45,4
45,3
45,2
45,1
4294967279,440
4294967279,439
44,7
44,6
4294967294,498
44,5
44,4
44,3
44,2
44,1
43,6
4294967278,381
4294967279,438
43,5
43,4
43,3
43,2
43,1
4294967294,1365
4294967278,380
42,4
42,3
42,2
42,1
4294967294,52
4294967294,1379
4294967294,1378
41,6
4294967294,497
41,5
41,4
41,3
41,2
41,1
